1 7596407304
2 2653747745
3 1221726695
4 673865193
5 417543911
6 285124036
7 210807053
8 162229677
9 128999107
10 106347595
11 88341640
12 74981961
13 64304359
14 56377902
15 48505454
16 42955738
17 36655531
18 32536599
19 28894107
20 24808323
21 22034723
22 19591570
23 17186398
24 15298339
25 13243962
26 11674399
27 10087799
28 8708071
29 7309262
30 6304701
31 5802530
32 5036247
33 4475478
34 3860068
35 3498346
36 3121875
37 2845668
38 2502162
39 2323175
40 2255837
41 2124400
42 2316947
43 2159923
44 1868909
45 1681215
46 1573216
47 1409619
48 1294814
49 1214021
50 1125920
51 1010719
52 932402
53 815716
54 716487
55 631325
56 568775
57 518722
58 465550
59 418776
60 388631
61 384082
62 362570
63 326676
64 299811
65 277578
66 259684
67 244076
68 230164
69 217619
70 207490
71 195746
72 185635
73 176751
74 168674
75 160878
76 153900
77 146869
78 140801
79 134303
80 128829
81 123278
82 117944
83 113146
84 108460
85 104545
86 100724
87 97726
88 93599
89 90468
90 87151
91 84300
92 80923
93 77971
94 74971
95 72098
96 69688
97 67549
98 64542
99 62136
100 60102
101 58107
102 55849
103 53745
104 51136
105 49209
106 47815
107 45491
108 44067
109 42111
110 40713
111 39331
112 37978
113 36988
114 35324
115 34205
116 33279
117 31872
118 30969
119 29920
120 29170
121 28016
122 27528
123 26157
124 25973
125 24431
126 23639
127 23065
128 22308
129 21938
130 21085
131 20171
132 19287
133 18841
134 18442
135 18111
136 17299
137 16676
138 16395
139 15868
140 15287
141 14612
142 14395
143 13778
144 13327
145 12983
146 12654
147 12577
148 11988
149 11619
150 11345
151 11140
152 11088
153 10542
154 10104
155 10185
156 9816
157 9372
158 9378
159 9133
160 8992
161 8518
162 8351
163 8137
164 8087
165 7849
166 7767
167 7664
168 7452
169 7380
170 7004
171 6974
172 6853
173 6742
174 6587
175 6515
176 6218
177 6259
178 5951
179 5684
180 5713
181 5462
182 5359
183 5312
184 5293
185 5232
186 5168
187 4837
188 4743
189 4673
190 4773
191 4672
192 4599
193 4597
194 4403
195 4391
196 4223
197 4332
198 4088
199 4193
200 3857
201 3892
202 3941
203 3726
204 3777
205 3486
206 3668
207 3608
208 3452
209 3386
210 3469
211 3296
212 3270
213 3190
214 3159
215 3083
216 3034
217 2917
218 2783
219 2822
220 2761
221 2726
222 2736
223 2685
224 2527
225 2589
226 2481
227 2561
228 2490
229 2408
230 2375
231 2302
232 2263
233 2180
234 2217
235 2254
236 2117
237 2167
238 2148
239 2154
240 2047
241 2019
242 1937
243 1947
244 1964
245 1866
246 1961
247 1864
248 1839
249 1789
250 1778
251 1743
252 1672
253 1661
254 1629
255 1642
256 1551
257 1575
258 1610
259 1554
260 1518
261 1559
262 1504
263 1558
264 1493
265 1476
266 1420
267 1404
268 1389
269 1421
270 1313
271 1315
272 1354
273 1272
274 1284
275 1352
276 1349
277 1303
278 1212
279 1259
280 1301
281 1246
282 1175
283 1206
284 1178
285 1209
286 1185
287 1142
288 1070
289 1119
290 1117
291 1122
292 1075
293 1067
294 1011
295 1024
296 1037
297 1000
298 997
299 974
300 980
301 953
302 985
303 931
304 1003
305 940
306 950
307 936
308 918
309 893
310 900
311 860
312 883
313 848
314 787
315 821
316 802
317 835
318 807
319 798
320 796
321 830
322 775
323 761
324 773
325 760
326 763
327 717
328 738
329 726
330 741
331 726
332 729
333 669
334 674
335 683
336 683
337 682
338 678
339 688
340 690
341 675
342 680
343 683
344 658
345 604
346 644
347 636
348 590
349 560
350 596
351 590
352 598
353 572
354 580
355 567
356 562
357 535
358 533
359 532
360 535
361 499
362 499
363 591
364 565
365 537
366 574
367 519
368 461
369 492
370 465
371 502
372 489
373 482
374 487
375 448
376 454
377 492
378 460
379 443
380 433
381 443
382 432
383 444
384 435
385 449
386 444
387 408
388 418
389 402
390 407
391 398
392 447
393 400
394 399
395 419
396 360
397 385
398 369
399 347
400 348
401 382
402 325
403 336
404 350
405 364
406 320
407 388
408 352
409 355
410 354
411 357
412 340
413 316
414 365
415 326
416 327
417 297
418 315
419 316
420 293
421 314
422 297
423 315
424 253
425 298
426 297
427 310
428 301
429 269
430 291
431 275
432 281
433 283
434 273
435 256
436 297
437 248
438 270
439 299
440 278
441 270
442 267
443 256
444 272
445 285
446 242
447 265
448 246
449 261
450 259
451 292
452 222
453 230
454 262
455 226
456 250
457 219
458 224
459 242
460 252
461 225
462 225
463 246
464 237
465 224
466 238
467 235
468 238
469 217
470 257
471 222
472 242
473 203
474 179
475 217
476 227
477 208
478 214
479 216
480 216
481 219
482 179
483 173
484 180
485 219
486 182
487 204
488 181
489 168
490 196
491 187
492 192
493 197
494 190
495 158
496 164
497 149
498 168
499 158
500 180
501 182
502 151
503 167
504 168
505 142
506 167
507 167
508 161
509 160
510 152
511 145
512 142
513 162
514 148
515 162
516 163
517 136
518 137
519 154
520 168
521 165
522 122
523 149
524 165
525 148
526 124
527 104
528 155
529 140
530 142
531 152
532 153
533 145
534 162
535 131
536 146
537 138
538 142
539 149
540 142
541 124
542 156
543 133
544 126
545 128
546 123
547 126
548 131
549 113
550 122
551 108
552 130
553 132
554 145
555 132
556 134
557 145
558 154
559 115
560 129
561 136
562 133
563 121
564 111
565 124
566 116
567 137
568 112
569 96
570 109
571 100
572 119
573 107
574 106
575 98
576 133
577 122
578 106
579 120
580 123
581 114
582 118
583 136
584 113
585 116
586 86
587 114
588 108
589 98
590 122
591 108
592 94
593 101
594 95
595 93
596 92
597 98
598 85
599 84
600 99
601 97
602 108
603 102
604 90
605 110
606 85
607 97
608 100
609 90
610 88
611 100
612 76
613 72
614 94
615 79
616 77
617 78
618 85
619 69
620 96
621 81
622 90
623 91
624 80
625 74
626 96
627 98
628 82
629 74
630 88
631 84
632 82
633 77
634 79
635 79
636 75
637 84
638 95
639 65
640 99
641 87
642 84
643 81
644 82
645 80
646 89
647 84
648 77
649 58
650 83
651 78
652 95
653 98
654 103
655 126
656 222
657 212
658 273
659 377
660 467
661 484
662 472
663 538
664 453
665 451
666 398
667 355
668 278
669 226
670 220
671 183
672 178
673 133
674 124
675 132
676 122
677 129
678 127
679 145
680 81
681 90
682 87
683 94
684 88
685 86
686 83
687 64
688 86
689 77
690 66
691 67
692 57
693 82
694 69
695 70
696 51
697 78
698 68
699 58
700 58
701 63
702 64
703 36
704 54
705 52
706 59
707 60
708 67
709 59
710 67
711 61
712 45
713 57
714 67
715 50
716 67
717 55
718 53
719 57
720 48
721 70
722 54
723 51
724 64
725 32
726 56
727 54
728 51
729 64
730 61
731 65
732 53
733 65
734 33
735 57
736 52
737 50
738 51
739 52
740 41
741 47
742 63
743 57
744 57
745 53
746 64
747 48
748 60
749 49
750 56
751 50
752 38
753 49
754 51
755 43
756 50
757 56
758 45
759 43
760 57
761 45
762 39
763 44
764 41
765 36
766 29
767 39
768 46
769 44
770 37
771 32
772 47
773 52
774 48
775 47
776 45
777 32
778 38
779 33
780 37
781 40
782 47
783 34
784 43
785 49
786 41
787 40
788 35
789 42
790 33
791 55
792 37
793 41
794 36
795 54
796 40
797 35
798 34
799 44
800 35
801 43
802 39
803 43
804 36
805 40
806 48
807 24
808 45
809 47
810 55
811 40
812 42
813 45
814 41
815 42
816 44
817 45
818 38
819 32
820 38
821 45
822 47
823 34
824 39
825 41
826 44
827 41
828 35
829 50
830 41
831 24
832 32
833 31
834 45
835 39
836 45
837 57
838 40
839 66
840 64
841 54
842 72
843 63
844 66
845 71
846 69
847 70
848 53
849 63
850 66
851 65
852 65
853 96
854 120
855 151
856 202
857 247
858 271
859 339
860 311
861 408
862 504
863 472
864 376
865 279
866 233
867 173
868 176
869 159
870 147
871 98
872 92
873 78
874 69
875 77
876 65
877 72
878 72
879 40
880 44
881 41
882 44
883 43
884 54
885 36
886 51
887 44
888 45
889 48
890 29
891 57
892 65
893 58
894 50
895 47
896 33
897 37
898 45
899 38
900 39
901 34
902 59
903 29
904 44
905 39
906 34
907 29
908 30
909 26
910 28
911 26
912 25
913 32
914 26
915 36
916 28
917 25
918 30
919 23
920 31
921 23
922 27
923 25
924 30
925 38
926 25
927 27
928 39
929 30
930 24
931 23
932 29
933 20
934 26
935 23
936 26
937 22
938 25
939 22
940 29
941 30
942 29
943 26
944 21
945 36
946 48
947 34
948 32
949 22
950 24
951 16
952 21
953 29
954 29
955 25
956 18
957 24
958 38
959 18
960 26
961 27
962 18
963 32
964 23
965 22
966 19
967 18
968 16
969 27
970 28
971 30
972 24
973 24
974 29
975 21
976 26
977 19
978 20
979 19
980 28
981 20
982 26
983 18
984 19
985 22
986 21
987 27
988 22
989 35
990 24
991 22
992 28
993 19
994 19
995 15
996 24
997 21
998 13
999 23
1000 22
1001 23
1002 29
1003 21
1004 18
1005 22
1006 22
1007 16
1008 20
1009 13
1010 20
1011 29
1012 23
1013 25
1014 13
1015 22
1016 13
1017 15
1018 16
1019 24
1020 19
1021 15
1022 16
1023 16
1024 19
1025 19
1026 16
1027 17
1028 13
1029 15
1030 17
1031 14
1032 22
1033 20
1034 15
1035 22
1036 18
1037 12
1038 13
1039 12
1040 18
1041 21
1042 19
1043 16
1044 14
1045 15
1046 28
1047 12
1048 19
1049 17
1050 17
1051 20
1052 13
1053 18
1054 15
1055 13
1056 15
1057 20
1058 18
1059 11
1060 9
1061 21
1062 10
1063 7
1064 17
1065 16
1066 10
1067 15
1068 20
1069 27
1070 18
1071 15
1072 19
1073 22
1074 15
1075 16
1076 16
1077 25
1078 14
1079 16
1080 15
1081 12
1082 17
1083 19
1084 11
1085 11
1086 15
1087 20
1088 19
1089 14
1090 11
1091 15
1092 11
1093 8
1094 11
1095 17
1096 21
1097 9
1098 15
1099 18
1100 11
1101 15
1102 13
1103 10
1104 15
1105 13
1106 11
1107 10
1108 13
1109 12
1110 19
1111 11
1112 12
1113 10
1114 18
1115 11
1116 18
1117 10
1118 12
1119 8
1120 12
1121 20
1122 11
1123 12
1124 6
1125 15
1126 21
1127 8
1128 15
1129 11
1130 14
1131 13
1132 12
1133 14
1134 11
1135 7
1136 8
1137 13
1138 16
1139 22
1140 18
1141 12
1142 7
1143 14
1144 11
1145 15
1146 16
1147 6
1148 10
1149 9
1150 12
1151 13
1152 15
1153 12
1154 7
1155 11
1156 13
1157 20
1158 5
1159 10
1160 15
1161 6
1162 6
1163 6
1164 11
1165 11
1166 9
1167 10
1168 8
1169 9
1170 11
1171 10
1172 12
1173 12
1174 7
1175 14
1176 7
1177 11
1178 10
1179 11
1180 13
1181 12
1182 11
1183 11
1184 10
1185 11
1186 15
1187 14
1188 8
1189 10
1190 8
1191 13
1192 9
1193 15
1194 9
1195 9
1196 14
1197 11
1198 7
1199 9
1200 9
1201 11
1202 10
1203 10
1204 4
1205 7
1206 14
1207 8
1208 17
1209 6
1210 11
1211 9
1212 8
1213 9
1214 11
1215 5
1216 9
1217 17
1218 7
1219 10
1220 4
1221 7
1222 9
1223 7
1224 11
1225 10
1226 8
1227 3
1228 18
1229 10
1230 9
1231 9
1232 14
1233 8
1234 11
1235 11
1236 8
1237 17
1238 6
1239 7
1240 8
1241 14
1242 7
1243 13
1244 10
1245 10
1246 4
1247 11
1248 13
1249 14
1250 9
1251 7
1252 8
1253 9
1254 9
1255 8
1256 12
1257 10
1258 9
1259 8
1260 7
1261 4
1262 8
1263 12
1264 10
1265 9
1266 9
1267 11
1268 10
1269 8
1270 14
1271 11
1272 11
1273 13
1274 16
1275 10
1276 21
1277 12
1278 13
1279 6
1280 11
1281 8
1282 9
1283 4
1284 14
1285 7
1286 7
1287 12
1288 9
1289 13
1290 4
1291 8
1292 7
1293 12
1294 9
1295 6
1296 11
1297 10
1298 6
1299 7
1300 9
1301 6
1302 6
1303 4
1304 7
1305 15
1306 7
1307 9
1308 4
1309 5
1310 5
1311 6
1312 5
1313 5
1314 7
1315 9
1316 9
1317 9
1318 7
1319 4
1320 11
1321 9
1322 13
1323 9
1324 9
1325 5
1326 12
1327 4
1328 6
1329 8
1330 10
1331 5
1332 7
1333 5
1334 9
1335 5
1336 7
1337 11
1338 11
1339 3
1340 11
1341 2
1342 2
1343 6
1344 6
1345 7
1346 6
1347 4
1348 9
1349 4
1350 7
1351 9
1352 6
1353 12
1354 10
1355 5
1356 6
1357 7
1358 5
1359 1
1360 5
1361 8
1362 11
1363 7
1364 11
1365 5
1366 5
1367 6
1368 4
1369 6
1370 7
1371 8
1372 6
1373 6
1374 7
1375 8
1376 4
1377 3
1378 7
1379 5
1380 8
1381 6
1382 10
1383 6
1384 8
1385 5
1386 8
1387 6
1388 5
1389 2
1390 4
1391 4
1392 6
1393 4
1394 2
1395 5
1396 7
1397 11
1398 2
1399 3
1400 4
1401 7
1402 6
1403 4
1404 9
1405 6
1406 8
1408 6
1409 11
1410 4
1411 4
1412 6
1413 5
1414 11
1415 4
1416 6
1417 8
1418 2
1419 4
1420 3
1421 3
1422 7
1423 6
1424 5
1425 3
1426 5
1427 1
1428 6
1429 5
1430 8
1431 2
1432 10
1433 4
1434 4
1435 9
1436 3
1437 5
1438 5
1439 9
1440 7
1441 1
1443 6
1444 6
1445 3
1446 5
1447 7
1448 11
1449 7
1450 7
1451 5
1452 7
1453 3
1454 1
1455 5
1456 5
1457 2
1458 4
1459 3
1460 2
1461 4
1462 4
1463 7
1464 5
1465 6
1466 6
1467 2
1468 7
1469 9
1470 9
1471 2
1472 9
1473 10
1474 4
1475 3
1476 7
1477 6
1478 9
1479 2
1480 4
1481 2
1482 1
1483 2
1484 9
1485 4
1486 4
1487 6
1488 7
1489 5
1490 6
1491 6
1492 6
1493 4
1494 3
1495 6
1496 4
1497 3
1498 5
1499 3
1500 5
1501 8
1502 6
1503 3
1504 5
1505 3
1506 6
1507 9
1508 3
1509 7
1510 4
1511 8
1512 6
1513 2
1514 5
1515 6
1516 5
1517 3
1518 2
1519 1
1520 5
1521 2
1522 3
1523 4
1524 6
1525 3
1526 3
1527 5
1528 2
1529 4
1530 4
1531 3
1532 4
1533 1
1534 4
1535 3
1536 3
1537 4
1539 4
1540 5
1541 7
1542 4
1543 3
1544 5
1545 2
1546 5
1547 4
1548 2
1549 3
1550 5
1551 6
1552 1
1553 4
1554 4
1555 1
1556 5
1557 9
1558 2
1559 6
1560 1
1561 1
1562 5
1563 4
1564 2
1565 1
1566 5
1567 2
1568 5
1569 3
1570 5
1571 5
1572 9
1573 4
1574 4
1576 5
1577 3
1578 9
1579 6
1580 4
1581 5
1582 3
1583 7
1584 8
1585 5
1586 2
1587 4
1588 4
1589 2
1590 3
1591 4
1592 4
1593 1
1594 2
1595 4
1596 4
1597 4
1598 3
1599 9
1600 4
1601 7
1602 8
1603 6
1604 4
1605 5
1606 6
1607 3
1608 6
1609 8
1611 7
1612 4
1613 7
1614 2
1615 2
1616 1
1617 5
1618 6
1619 2
1620 6
1621 2
1622 2
1623 6
1624 8
1625 6
1626 8
1627 3
1628 3
1629 4
1630 2
1631 1
1632 1
1633 3
1634 3
1635 3
1636 3
1637 3
1638 5
1639 2
1640 4
1641 2
1643 1
1644 5
1645 3
1646 6
1648 5
1649 6
1650 5
1651 3
1652 4
1653 4
1654 6
1655 3
1656 2
1657 4
1658 3
1659 2
1660 3
1661 5
1662 1
1663 1
1664 2
1665 2
1667 1
1668 3
1669 3
1670 1
1671 1
1672 1
1673 4
1674 1
1675 1
1676 2
1677 4
1678 3
1679 4
1680 4
1681 2
1682 10
1683 5
1684 1
1685 1
1686 2
1687 1
1688 5
1689 4
1690 10
1691 2
1692 5
1693 2
1694 4
1695 8
1696 2
1697 3
1698 4
1699 2
1700 4
1701 7
1702 2
1703 7
1704 3
1705 3
1706 1
1707 5
1708 5
1709 3
1710 5
1711 3
1712 1
1714 5
1715 3
1717 1
1718 2
1719 3
1720 3
1721 6
1722 2
1723 4
1724 8
1725 3
1726 4
1727 1
1728 2
1729 3
1730 3
1731 3
1732 4
1733 2
1734 2
1735 3
1736 5
1737 3
1738 3
1740 3
1741 3
1742 5
1743 1
1744 2
1745 2
1746 4
1747 2
1748 1
1749 1
1750 5
1751 2
1752 4
1753 3
1754 3
1755 2
1759 4
1760 3
1761 1
1762 2
1763 2
1764 3
1766 4
1767 4
1768 5
1769 5
1770 3
1771 3
1772 2
1773 2
1774 1
1775 6
1776 4
1777 3
1778 3
1779 3
1780 5
1781 3
1782 2
1783 3
1784 3
1785 3
1786 1
1787 5
1789 2
1790 4
1791 1
1792 5
1793 3
1794 2
1795 2
1796 6
1797 2
1800 4
1801 3
1802 3
1803 2
1804 1
1805 1
1806 1
1807 3
1808 3
1809 3
1810 3
1812 2
1813 2
1814 2
1815 1
1816 4
1818 7
1819 4
1820 1
1821 5
1822 4
1823 2
1824 3
1825 2
1826 3
1827 5
1828 3
1829 2
1830 1
1831 5
1832 1
1833 10
1834 1
1835 2
1836 4
1837 8
1838 1
1839 2
1840 2
1841 2
1842 1
1843 5
1844 4
1845 1
1847 4
1849 5
1850 2
1851 2
1853 4
1854 1
1855 7
1856 3
1857 1
1858 2
1859 1
1860 4
1861 2
1862 5
1864 3
1865 1
1866 3
1867 4
1868 5
1869 1
1870 3
1871 3
1872 1
1873 1
1874 4
1875 1
1876 3
1877 2
1878 1
1880 2
1882 6
1883 1
1884 3
1885 5
1886 5
1887 2
1888 1
1889 4
1890 4
1891 2
1892 5
1893 1
1894 1
1895 1
1896 3
1897 2
1898 1
1899 1
1900 2
1902 3
1904 2
1905 1
1907 5
1908 1
1909 4
1910 1
1912 3
1914 1
1915 1
1916 3
1917 2
1918 1
1919 4
1920 1
1921 2
1923 2
1924 1
1925 5
1926 5
1927 3
1928 2
1929 3
1930 1
1931 3
1932 2
1933 3
1934 3
1935 2
1936 5
1937 2
1939 2
1940 1
1941 2
1943 1
1944 2
1945 2
1946 4
1948 2
1949 2
1950 3
1951 2
1952 2
1953 2
1954 2
1955 3
1956 2
1957 3
1958 4
1959 3
1960 3
1961 3
1962 3
1964 2
1965 2
1966 2
1967 2
1968 1
1969 2
1970 3
1971 1
1972 1
1973 2
1974 3
1975 1
1976 1
1977 1
1978 1
1980 2
1981 2
1982 5
1983 2
1984 1
1985 1
1986 1
1987 3
1988 2
1989 2
1991 4
1992 1
1993 2
1994 1
1996 3
1997 1
1998 1
1999 1
2000 4
2001 1
2002 1
2003 1
2004 1
2005 1
2007 1
2008 2
2009 4
2010 2
2011 1
2012 2
2014 1
2015 1
2016 2
2017 1
2018 2
2019 2
2020 1
2021 2
2022 2
2025 2
2026 4
2027 2
2029 1
2030 4
2031 4
2032 2
2033 3
2034 1
2035 2
2038 3
2041 3
2043 1
2044 1
2045 4
2046 1
2047 1
2048 1
2049 2
2051 2
2052 1
2054 2
2056 2
2057 2
2058 1
2060 3
2061 1
2063 1
2064 2
2065 1
2067 1
2068 2
2069 1
2070 1
2071 1
2072 1
2073 3
2074 4
2075 1
2076 2
2077 1
2078 2
2079 1
2080 2
2081 1
2082 2
2083 4
2084 2
2086 1
2087 1
2088 2
2089 2
2090 4
2091 1
2092 2
2093 2
2094 1
2095 2
2096 3
2097 3
2099 4
2100 3
2101 2
2103 1
2104 2
2105 2
2106 6
2107 2
2108 1
2109 2
2110 4
2111 2
2112 3
2113 1
2114 1
2115 2
2117 2
2118 3
2122 2
2123 3
2124 2
2125 1
2126 1
2127 3
2128 2
2129 1
2130 2
2131 3
2133 1
2134 4
2135 1
2137 1
2138 1
2140 2
2141 1
2143 8
2144 1
2145 3
2146 2
2147 1
2148 1
2150 2
2151 2
2152 3
2153 3
2154 2
2155 1
2156 4
2157 1
2158 5
2159 4
2162 1
2164 1
2165 3
2167 2
2168 1
2169 5
2170 1
2171 1
2172 1
2174 2
2175 3
2176 1
2177 1
2178 2
2179 1
2180 1
2181 2
2182 1
2183 2
2184 1
2187 1
2188 1
2189 1
2190 1
2191 3
2192 1
2193 2
2194 2
2195 1
2196 2
2199 2
2200 1
2201 2
2202 3
2203 2
2204 2
2205 2
2206 1
2207 1
2208 2
2209 1
2210 1
2212 3
2214 1
2216 2
2217 1
2218 3
2219 3
2220 1
2221 3
2222 1
2223 1
2224 2
2225 1
2226 4
2229 1
2230 1
2231 1
2232 3
2234 2
2235 1
2236 1
2237 2
2239 2
2240 2
2241 1
2246 2
2247 1
2249 2
2250 2
2251 2
2252 2
2253 1
2254 1
2255 1
2257 2
2260 2
2262 4
2264 3
2265 1
2267 2
2270 2
2271 1
2273 2
2274 1
2275 1
2276 1
2277 3
2278 5
2279 3
2280 3
2282 1
2283 1
2284 3
2285 1
2286 1
2289 1
2291 1
2293 1
2296 1
2301 2
2302 3
2303 2
2304 2
2306 3
2307 1
2308 2
2311 1
2313 1
2314 4
2315 2
2316 2
2317 1
2319 1
2320 2
2321 2
2322 3
2324 3
2325 3
2326 1
2327 3
2328 1
2330 1
2332 1
2333 5
2337 2
2338 5
2339 1
2343 1
2345 2
2346 2
2347 1
2349 3
2350 2
2353 1
2354 4
2355 2
2358 1
2359 3
2360 1
2361 1
2363 1
2364 2
2365 1
2366 1
2368 1
2369 1
2370 3
2371 1
2372 4
2373 1
2374 1
2376 1
2377 2
2378 3
2380 1
2381 1
2382 1
2383 1
2384 2
2385 1
2386 1
2388 1
2390 1
2394 1
2395 1
2396 2
2399 1
2400 1
2401 4
2403 1
2404 2
2405 2
2408 1
2409 1
2410 1
2412 1
2413 1
2414 2
2415 3
2418 2
2420 2
2421 3
2422 1
2423 1
2424 2
2425 1
2428 2
2429 1
2431 5
2432 1
2433 1
2434 1
2436 1
2441 1
2445 1
2446 1
2448 1
2450 3
2451 2
2456 1
2461 1
2462 1
2463 1
2468 1
2471 1
2472 1
2473 1
2476 1
2477 1
2478 1
2481 3
2483 2
2484 1
2485 1
2486 1
2487 1
2488 1
2490 1
2491 1
2493 1
2496 1
2497 1
2501 1
2502 1
2504 1
2505 1
2508 1
2511 1
2513 1
2514 1
2516 1
2519 1
2520 2
2521 2
2522 1
2523 2
2527 1
2528 2
2536 1
2539 1
2545 2
2546 1
2548 1
2549 1
2550 1
2551 1
2552 1
2555 1
2557 1
2558 1
2559 1
2560 1
2561 2
2562 1
2564 2
2565 2
2566 1
2567 1
2573 1
2575 1
2576 1
2583 1
2586 1
2588 2
2589 1
2590 1
2591 3
2593 2
2596 2
2597 1
2598 1
2599 1
2600 1
2602 1
2603 1
2605 2
2608 1
2609 1
2612 1
2613 1
2618 3
2620 1
2623 2
2628 2
2630 1
2632 1
2633 2
2637 1
2639 1
2640 1
2641 2
2642 1
2644 1
2647 1
2648 1
2650 1
2651 2
2652 1
2656 1
2659 1
2663 1
2664 2
2665 1
2667 1
2668 1
2672 1
2674 2
2675 1
2684 1
2687 2
2692 1
2693 1
2695 1
2696 1
2697 1
2700 1
2701 1
2704 1
2712 1
2716 1
2717 1
2718 2
2722 1
2723 1
2727 1
2729 1
2734 1
2735 1
2739 1
2741 1
2744 1
2745 2
2746 1
2747 1
2748 1
2752 1
2754 1
2755 2
2757 1
2758 1
2759 1
2761 1
2763 1
2766 1
2768 1
2772 2
2776 1
2780 2
2781 1
2782 1
2783 1
2786 1
2787 1
2788 1
2790 1
2794 1
2796 1
2797 1
2798 1
2799 2
2802 1
2804 1
2807 2
2809 1
2810 2
2812 1
2815 1
2818 1
2820 1
2821 1
2824 2
2826 1
2832 2
2835 3
2838 1
2841 1
2842 1
2845 1
2846 1
2847 1
2849 1
2856 1
2857 1
2861 1
2862 1
2864 1
2867 1
2868 1
2871 1
2874 1
2876 1
2881 1
2884 1
2887 1
2893 2
2895 1
2897 1
2898 1
2903 1
2904 1
2907 1
2910 1
2912 1
2915 2
2916 1
2917 1
2930 1
2931 2
2934 1
2935 1
2936 1
2941 1
2943 1
2947 2
2952 1
2954 1
2955 1
2957 1
2967 1
2968 1
2969 1
2971 1
2974 2
2983 1
2993 1
2998 1
3007 1
3009 1
3010 1
3012 1
3018 1
3019 1
3033 1
3041 1
3046 1
3049 1
3050 2
3054 2
3058 1
3062 1
3065 1
3066 2
3073 2
3074 2
3086 2
3088 1
3089 1
3094 3
3095 1
3098 1
3099 1
3103 1
3111 2
3114 1
3117 1
3119 1
3123 1
3125 1
3128 1
3129 1
3133 1
3135 1
3140 1
3142 1
3147 1
3151 2
3161 2
3172 1
3176 1
3191 1
3197 1
3207 1
3208 2
3215 1
3219 1
3222 1
3231 1
3235 1
3241 1
3245 1
3253 1
3255 1
3258 1
3270 1
3272 1
3274 1
3279 1
3283 1
3285 2
3287 1
3291 1
3297 1
3302 1
3304 1
3307 1
3310 1
3315 1
3318 2
3321 1
3328 1
3332 1
3342 1
3358 1
3361 1
3371 1
3375 1
3387 1
3390 1
3399 1
3402 1
3408 2
3411 2
3412 1
3415 1
3418 1
3421 1
3426 1
3427 1
3428 1
3435 1
3438 1
3446 1
3447 1
3451 1
3453 1
3454 1
3458 1
3474 1
3479 2
3485 1
3488 1
3502 1
3508 1
3515 1
3528 1
3539 1
3540 1
3547 1
3557 1
3564 1
3565 1
3579 2
3580 1
3585 1
3587 1
3588 1
3590 1
3606 2
3607 1
3617 1
3631 1
3635 1
3639 1
3640 1
3650 1
3656 1
3665 2
3674 2
3677 1
3678 1
3694 2
3697 2
3700 1
3702 1
3708 1
3709 1
3718 1
3722 3
3723 1
3733 1
3745 1
3754 1
3757 1
3766 1
3771 1
3781 1
3788 1
3816 1
3820 1
3824 1
3851 1
3855 1
3881 1
3905 1
3931 1
3943 1
3946 1
4003 1
4017 1
4037 1
4061 1
4073 1
4097 1
4101 1
4106 1
4147 2
4158 1
4174 1
4180 1
4187 1
4193 1
4213 1
4225 1
4243 1
4249 1
4284 1
4286 1
4313 1
4348 1
4350 1
4373 1
4382 1
4403 1
4410 1
4441 1
4452 1
4523 1
4574 1
4640 1
4652 1
4688 1
4699 1
4701 1
4715 1
4749 1
4799 1
4851 1
4876 1
4906 1
4915 1
4930 1
4956 1
5217 1
5218 1
5232 1
5254 1
5301 1
5380 1
5467 1
5495 1
5579 1
5587 1
5611 1
5618 1
5643 1
5663 1
5696 1
5794 1
5798 1
5825 1
5929 1
5981 1
6166 1
6215 1
6249 1
6251 1
7129 1
7174 1
7707 1
7771 1
7855 1
8753 1
9397 1
10702 1
15677 1
288288 1
