1 7502502578
2 2620796942
3 1206714734
4 665611103
5 412436744
6 281635037
7 208236272
8 160250508
9 127436527
10 105085440
11 87306927
12 74130963
13 63597693
14 55754272
15 47969791
16 42481780
17 36255285
18 32186491
19 28583162
20 24536459
21 21789303
22 19369489
23 16990526
24 15121364
25 13089685
26 11543229
27 9976472
28 8614019
29 7230909
30 6238474
31 5739763
32 4982350
33 4428319
34 3820880
35 3464267
36 3091063
37 2817843
38 2478301
39 2301104
40 2233860
41 2104049
42 2291226
43 2136803
44 1851518
45 1666180
46 1559912
47 1397876
48 1284841
49 1204459
50 1117114
51 1002958
52 925348
53 809747
54 711312
55 626895
56 564923
57 515236
58 462550
59 416026
60 386103
61 381651
62 360290
63 324598
64 297989
65 275833
66 258091
67 242659
68 228780
69 216325
70 206273
71 194594
72 184563
73 175767
74 167705
75 159906
76 152974
77 146083
78 140021
79 133538
80 128113
81 122621
82 117257
83 112483
84 107892
85 104033
86 100114
87 97205
88 93088
89 89966
90 86682
91 83842
92 80450
93 77589
94 74534
95 71765
96 69312
97 67186
98 64187
99 61801
100 59728
101 57793
102 55561
103 53474
104 50848
105 48956
106 47556
107 45269
108 43848
109 41915
110 40462
111 39047
112 37758
113 36770
114 35146
115 34012
116 33071
117 31680
118 30779
119 29742
120 28993
121 27869
122 27344
123 26004
124 25800
125 24280
126 23492
127 22951
128 22187
129 21794
130 20951
131 20051
132 19175
133 18730
134 18331
135 17992
136 17189
137 16570
138 16270
139 15770
140 15184
141 14534
142 14271
143 13696
144 13236
145 12889
146 12584
147 12494
148 11904
149 11550
150 11259
151 11066
152 11030
153 10469
154 10036
155 10116
156 9761
157 9322
158 9311
159 9074
160 8941
161 8480
162 8300
163 8099
164 8021
165 7800
166 7720
167 7612
168 7392
169 7337
170 6980
171 6918
172 6789
173 6732
174 6522
175 6464
176 6157
177 6209
178 5927
179 5653
180 5647
181 5420
182 5306
183 5258
184 5251
185 5192
186 5137
187 4796
188 4716
189 4639
190 4758
191 4645
192 4556
193 4562
194 4372
195 4360
196 4196
197 4309
198 4072
199 4157
200 3833
201 3873
202 3918
203 3699
204 3745
205 3449
206 3650
207 3586
208 3431
209 3365
210 3439
211 3277
212 3242
213 3168
214 3142
215 3049
216 3008
217 2891
218 2738
219 2807
220 2741
221 2707
222 2708
223 2655
224 2507
225 2571
226 2469
227 2548
228 2476
229 2374
230 2359
231 2287
232 2256
233 2170
234 2191
235 2242
236 2117
237 2153
238 2132
239 2135
240 2034
241 2018
242 1920
243 1914
244 1951
245 1864
246 1954
247 1844
248 1821
249 1759
250 1763
251 1744
252 1658
253 1647
254 1620
255 1622
256 1531
257 1555
258 1605
259 1546
260 1518
261 1547
262 1499
263 1550
264 1487
265 1454
266 1403
267 1398
268 1389
269 1414
270 1311
271 1303
272 1350
273 1268
274 1282
275 1344
276 1332
277 1293
278 1210
279 1246
280 1283
281 1238
282 1169
283 1191
284 1181
285 1193
286 1187
287 1136
288 1063
289 1106
290 1095
291 1106
292 1074
293 1058
294 1004
295 1014
296 1023
297 1001
298 986
299 973
300 977
301 943
302 984
303 925
304 999
305 939
306 951
307 923
308 903
309 882
310 896
311 849
312 886
313 846
314 777
315 811
316 803
317 834
318 797
319 793
320 788
321 825
322 769
323 746
324 766
325 758
326 756
327 711
328 737
329 728
330 725
331 704
332 734
333 667
334 664
335 689
336 672
337 678
338 669
339 682
340 676
341 661
342 674
343 680
344 646
345 593
346 638
347 639
348 583
349 558
350 596
351 588
352 594
353 562
354 572
355 566
356 557
357 538
358 532
359 526
360 533
361 503
362 493
363 579
364 555
365 536
366 568
367 512
368 456
369 483
370 468
371 493
372 486
373 484
374 476
375 444
376 454
377 489
378 450
379 447
380 436
381 441
382 424
383 434
384 433
385 451
386 440
387 401
388 414
389 395
390 413
391 395
392 451
393 400
394 397
395 412
396 366
397 383
398 368
399 343
400 348
401 372
402 325
403 337
404 340
405 360
406 319
407 387
408 355
409 354
410 345
411 361
412 338
413 318
414 352
415 316
416 329
417 295
418 310
419 317
420 291
421 313
422 298
423 309
424 258
425 290
426 291
427 299
428 302
429 276
430 289
431 274
432 278
433 279
434 270
435 260
436 301
437 243
438 263
439 299
440 273
441 259
442 269
443 253
444 272
445 276
446 237
447 264
448 242
449 263
450 260
451 295
452 221
453 225
454 261
455 223
456 253
457 220
458 222
459 245
460 246
461 224
462 230
463 246
464 237
465 221
466 235
467 230
468 242
469 218
470 261
471 217
472 235
473 203
474 182
475 213
476 226
477 202
478 216
479 214
480 214
481 214
482 178
483 168
484 183
485 212
486 186
487 197
488 180
489 160
490 200
491 185
492 192
493 196
494 193
495 161
496 166
497 144
498 162
499 156
500 183
501 180
502 152
503 166
504 169
505 143
506 166
507 164
508 156
509 159
510 143
511 150
512 148
513 155
514 151
515 160
516 161
517 134
518 136
519 151
520 164
521 161
522 120
523 148
524 161
525 145
526 123
527 105
528 154
529 139
530 145
531 155
532 155
533 141
534 161
535 129
536 147
537 134
538 141
539 149
540 143
541 122
542 154
543 130
544 125
545 131
546 121
547 124
548 126
549 116
550 121
551 112
552 128
553 135
554 141
555 134
556 133
557 144
558 151
559 116
560 129
561 135
562 130
563 125
564 114
565 128
566 120
567 136
568 108
569 93
570 109
571 98
572 117
573 102
574 105
575 101
576 131
577 120
578 104
579 118
580 117
581 116
582 118
583 136
584 115
585 114
586 87
587 114
588 104
589 103
590 121
591 107
592 93
593 100
594 94
595 93
596 95
597 94
598 86
599 85
600 101
601 94
602 108
603 96
604 92
605 105
606 83
607 99
608 99
609 89
610 86
611 99
612 77
613 73
614 86
615 81
616 77
617 79
618 85
619 70
620 95
621 82
622 88
623 91
624 79
625 73
626 92
627 97
628 85
629 74
630 91
631 81
632 82
633 77
634 78
635 76
636 76
637 82
638 98
639 63
640 97
641 88
642 82
643 83
644 80
645 83
646 87
647 88
648 72
649 59
650 82
651 77
652 89
653 99
654 102
655 127
656 222
657 212
658 271
659 375
660 454
661 476
662 471
663 531
664 446
665 447
666 393
667 350
668 272
669 224
670 219
671 179
672 177
673 133
674 124
675 129
676 121
677 129
678 124
679 144
680 76
681 90
682 86
683 88
684 87
685 87
686 83
687 63
688 87
689 76
690 66
691 69
692 56
693 77
694 66
695 70
696 47
697 75
698 70
699 59
700 58
701 63
702 64
703 34
704 53
705 52
706 60
707 61
708 66
709 60
710 64
711 64
712 47
713 59
714 66
715 51
716 67
717 58
718 49
719 57
720 45
721 68
722 53
723 55
724 61
725 30
726 54
727 53
728 52
729 64
730 59
731 58
732 55
733 66
734 33
735 55
736 54
737 49
738 52
739 51
740 40
741 48
742 62
743 55
744 58
745 52
746 65
747 48
748 62
749 49
750 56
751 49
752 34
753 48
754 51
755 42
756 53
757 55
758 44
759 43
760 56
761 45
762 36
763 47
764 41
765 36
766 28
767 39
768 46
769 44
770 38
771 31
772 50
773 52
774 48
775 48
776 47
777 31
778 38
779 32
780 32
781 39
782 49
783 35
784 45
785 52
786 39
787 39
788 32
789 45
790 32
791 55
792 38
793 41
794 36
795 53
796 39
797 33
798 32
799 46
800 31
801 44
802 40
803 39
804 36
805 40
806 48
807 23
808 47
809 45
810 53
811 41
812 40
813 45
814 42
815 39
816 43
817 44
818 39
819 29
820 38
821 42
822 49
823 35
824 38
825 42
826 41
827 40
828 36
829 51
830 42
831 23
832 31
833 30
834 42
835 39
836 42
837 57
838 40
839 64
840 63
841 55
842 71
843 61
844 67
845 67
846 68
847 70
848 54
849 58
850 64
851 65
852 65
853 96
854 117
855 148
856 201
857 238
858 263
859 329
860 309
861 403
862 495
863 465
864 375
865 277
866 233
867 168
868 171
869 155
870 141
871 91
872 91
873 78
874 69
875 77
876 63
877 69
878 70
879 39
880 45
881 42
882 43
883 43
884 51
885 37
886 51
887 43
888 45
889 45
890 29
891 56
892 65
893 58
894 52
895 46
896 35
897 35
898 46
899 39
900 38
901 34
902 57
903 29
904 46
905 39
906 32
907 29
908 32
909 24
910 27
911 27
912 24
913 32
914 27
915 35
916 25
917 25
918 30
919 22
920 33
921 22
922 27
923 27
924 29
925 37
926 25
927 26
928 38
929 30
930 23
931 23
932 29
933 20
934 25
935 23
936 25
937 22
938 26
939 23
940 30
941 29
942 28
943 25
944 23
945 35
946 48
947 32
948 28
949 21
950 24
951 16
952 21
953 32
954 29
955 29
956 16
957 25
958 39
959 19
960 23
961 27
962 18
963 30
964 24
965 25
966 17
967 19
968 15
969 27
970 31
971 29
972 24
973 26
974 29
975 21
976 27
977 21
978 19
979 20
980 27
981 17
982 25
983 18
984 21
985 20
986 20
987 30
988 22
989 35
990 25
991 20
992 29
993 20
994 20
995 14
996 23
997 20
998 15
999 22
1000 21
1001 23
1002 29
1003 22
1004 19
1005 21
1006 23
1007 16
1008 18
1009 12
1010 19
1011 28
1012 24
1013 25
1014 13
1015 24
1016 13
1017 15
1018 15
1019 24
1020 18
1021 14
1022 17
1023 15
1024 19
1025 19
1026 18
1027 17
1028 12
1029 16
1030 18
1031 12
1032 21
1033 21
1034 15
1035 20
1036 19
1037 12
1038 12
1039 10
1040 19
1041 23
1042 18
1043 16
1044 14
1045 16
1046 26
1047 15
1048 18
1049 16
1050 16
1051 18
1052 14
1053 19
1054 14
1055 15
1056 16
1057 19
1058 18
1059 11
1060 7
1061 21
1062 10
1063 7
1064 18
1065 17
1066 9
1067 16
1068 20
1069 28
1070 17
1071 15
1072 19
1073 22
1074 13
1075 16
1076 17
1077 24
1078 12
1079 18
1080 17
1081 11
1082 15
1083 19
1084 10
1085 13
1086 14
1087 20
1088 18
1089 12
1090 11
1091 15
1092 11
1093 9
1094 11
1095 16
1096 18
1097 11
1098 15
1099 18
1100 11
1101 15
1102 12
1103 11
1104 14
1105 13
1106 12
1107 9
1108 13
1109 12
1110 21
1111 10
1112 12
1113 11
1114 17
1115 11
1116 20
1117 8
1118 13
1119 9
1120 13
1121 19
1122 11
1123 12
1124 7
1125 15
1126 20
1127 9
1128 14
1129 12
1130 14
1131 13
1132 11
1133 15
1134 10
1135 8
1136 8
1137 12
1138 15
1139 20
1140 18
1141 12
1142 6
1143 16
1144 11
1145 17
1146 17
1147 5
1148 8
1149 9
1150 14
1151 11
1152 14
1153 12
1154 7
1155 11
1156 13
1157 20
1158 7
1159 10
1160 14
1161 5
1162 7
1163 5
1164 11
1165 12
1166 8
1167 10
1168 7
1169 9
1170 12
1171 9
1172 11
1173 13
1174 6
1175 16
1176 6
1177 9
1178 9
1179 12
1180 14
1181 12
1182 11
1183 11
1184 11
1185 11
1186 14
1187 12
1188 9
1189 10
1190 9
1191 12
1192 9
1193 16
1194 8
1195 7
1196 15
1197 10
1198 6
1199 7
1200 11
1201 12
1202 10
1203 10
1204 6
1205 7
1206 15
1207 7
1208 17
1209 7
1210 9
1211 8
1212 8
1213 9
1214 11
1215 5
1216 8
1217 17
1218 6
1219 10
1220 4
1221 8
1222 8
1223 6
1224 12
1225 9
1226 10
1227 3
1228 19
1229 10
1230 9
1231 9
1232 15
1233 8
1234 10
1235 9
1236 10
1237 16
1238 5
1239 7
1240 9
1241 13
1242 9
1243 14
1244 11
1245 10
1246 2
1247 12
1248 13
1249 13
1250 11
1251 7
1252 9
1253 9
1254 8
1255 9
1256 12
1257 12
1258 7
1259 7
1260 7
1261 5
1262 7
1263 10
1264 11
1265 9
1266 10
1267 11
1268 11
1269 7
1270 14
1271 11
1272 11
1273 13
1274 15
1275 11
1276 21
1277 12
1278 13
1279 6
1280 11
1281 7
1282 8
1283 4
1284 12
1285 8
1286 7
1287 10
1288 11
1289 13
1290 4
1291 8
1292 6
1293 13
1294 9
1295 5
1296 13
1297 10
1298 5
1299 7
1300 9
1301 9
1302 4
1303 5
1304 5
1305 14
1306 7
1307 9
1308 5
1309 5
1310 6
1311 6
1312 5
1313 5
1314 7
1315 7
1316 9
1317 9
1318 7
1319 4
1320 11
1321 9
1322 14
1323 8
1324 7
1325 6
1326 12
1327 4
1328 6
1329 8
1330 10
1331 5
1332 7
1333 5
1334 9
1335 5
1336 6
1337 11
1338 12
1339 4
1340 10
1341 2
1342 2
1343 7
1344 6
1345 5
1346 6
1347 4
1348 8
1349 5
1350 7
1351 9
1352 7
1353 11
1354 9
1355 5
1356 5
1357 7
1358 4
1359 3
1360 4
1361 9
1362 9
1363 8
1364 10
1365 5
1366 6
1367 7
1368 4
1369 7
1370 8
1371 7
1372 6
1373 5
1374 7
1375 9
1376 5
1377 4
1378 7
1379 4
1380 8
1381 6
1382 11
1383 5
1384 8
1385 5
1386 8
1387 6
1388 4
1389 2
1390 4
1391 6
1392 5
1393 6
1394 3
1395 5
1396 6
1397 11
1398 3
1399 3
1400 4
1401 3
1402 6
1403 5
1404 9
1405 6
1406 7
1407 1
1408 6
1409 11
1410 4
1411 4
1412 6
1413 5
1414 11
1415 5
1416 6
1417 7
1418 2
1419 4
1420 3
1421 4
1422 8
1423 5
1424 5
1425 3
1426 4
1427 1
1428 6
1429 6
1430 6
1431 3
1432 9
1433 2
1434 4
1435 8
1436 3
1437 4
1438 4
1439 9
1440 7
1441 1
1443 7
1444 6
1445 2
1446 5
1447 7
1448 10
1449 7
1450 7
1451 5
1452 7
1453 2
1454 1
1455 5
1456 4
1457 2
1458 4
1459 3
1460 2
1461 5
1462 5
1463 8
1464 6
1465 8
1466 5
1467 1
1468 6
1469 8
1470 8
1471 2
1472 9
1473 9
1474 5
1475 4
1476 6
1477 6
1478 9
1479 2
1480 4
1481 2
1482 1
1483 2
1484 8
1485 4
1486 3
1487 5
1488 8
1489 7
1490 6
1491 4
1492 5
1493 5
1494 3
1495 7
1496 4
1497 3
1498 5
1499 3
1500 5
1501 7
1502 6
1503 3
1504 4
1505 4
1506 6
1507 8
1508 3
1509 7
1510 4
1511 6
1512 6
1513 2
1514 5
1515 5
1516 5
1517 4
1518 2
1519 1
1520 4
1521 2
1522 3
1523 4
1524 7
1525 2
1526 2
1527 7
1528 2
1529 4
1530 4
1531 3
1532 4
1533 1
1534 6
1535 2
1536 5
1537 4
1539 3
1540 6
1541 6
1542 3
1543 4
1544 4
1545 2
1546 5
1547 4
1548 2
1549 3
1550 6
1551 6
1552 1
1553 4
1554 4
1555 1
1556 5
1557 8
1558 2
1559 6
1560 1
1561 1
1562 5
1563 4
1564 2
1565 1
1566 5
1567 2
1568 5
1569 3
1570 5
1571 5
1572 9
1573 3
1574 4
1576 6
1577 3
1578 9
1579 6
1580 4
1581 5
1582 3
1583 6
1584 8
1585 6
1586 2
1587 3
1588 5
1589 2
1590 3
1591 5
1592 2
1593 1
1594 1
1595 5
1596 4
1597 5
1598 5
1599 8
1600 3
1601 6
1602 8
1603 5
1604 4
1605 5
1606 7
1607 3
1608 6
1609 7
1611 6
1612 5
1613 7
1614 2
1615 2
1616 1
1617 5
1618 6
1619 2
1620 6
1621 2
1622 3
1623 5
1624 9
1625 6
1626 7
1627 3
1628 3
1629 4
1630 2
1631 1
1632 2
1633 3
1634 3
1635 3
1636 3
1637 3
1638 4
1639 3
1640 4
1641 2
1643 1
1644 6
1645 3
1646 4
1648 6
1649 6
1650 5
1651 3
1652 3
1653 4
1654 6
1655 3
1656 2
1657 4
1658 3
1659 2
1660 3
1661 5
1662 1
1663 1
1664 2
1665 2
1667 1
1668 3
1669 4
1670 1
1671 2
1672 1
1673 4
1674 2
1675 1
1676 1
1677 4
1678 3
1679 5
1680 2
1681 2
1682 10
1683 5
1684 1
1685 4
1686 2
1687 1
1688 4
1689 5
1690 10
1691 3
1692 4
1693 2
1694 4
1695 8
1696 3
1697 3
1698 4
1699 2
1700 4
1701 7
1702 2
1703 7
1704 3
1705 2
1706 1
1707 4
1708 5
1709 3
1710 5
1711 3
1712 1
1714 5
1715 3
1717 1
1718 2
1719 3
1720 3
1721 6
1722 2
1723 4
1724 7
1725 3
1726 4
1727 2
1728 2
1729 3
1730 3
1731 4
1732 3
1733 2
1734 3
1735 3
1736 5
1737 3
1738 4
1740 3
1741 3
1742 4
1743 1
1744 3
1745 1
1746 4
1747 2
1748 1
1749 3
1750 4
1751 2
1752 4
1753 3
1754 3
1755 2
1759 5
1760 3
1761 1
1762 2
1763 2
1764 3
1765 1
1766 3
1767 4
1768 5
1769 5
1770 2
1771 3
1772 2
1773 2
1774 1
1775 6
1776 4
1777 3
1778 3
1779 3
1780 5
1781 3
1782 2
1783 2
1784 3
1785 3
1787 5
1789 2
1790 3
1791 2
1792 5
1793 3
1794 2
1795 2
1796 6
1797 2
1800 4
1801 3
1802 3
1803 2
1804 1
1805 1
1806 1
1807 3
1808 3
1809 3
1810 3
1812 2
1813 2
1814 3
1815 1
1816 4
1818 6
1819 4
1820 1
1821 5
1822 3
1823 2
1824 3
1825 2
1826 3
1827 5
1828 3
1829 2
1830 1
1831 5
1832 1
1833 9
1834 1
1835 2
1836 3
1837 8
1838 1
1839 2
1840 2
1841 1
1842 1
1843 5
1844 4
1845 1
1847 4
1849 3
1850 2
1851 1
1852 1
1853 4
1854 1
1855 7
1856 3
1857 1
1858 2
1859 1
1860 3
1861 3
1862 5
1864 3
1865 1
1866 2
1867 4
1868 4
1869 1
1870 2
1871 4
1872 1
1873 1
1874 4
1876 4
1877 2
1878 1
1879 1
1880 2
1881 2
1882 5
1883 2
1884 3
1885 5
1886 5
1887 2
1888 2
1889 3
1890 4
1891 2
1892 5
1893 1
1894 1
1895 1
1896 3
1897 2
1898 1
1899 1
1900 1
1902 4
1904 1
1905 1
1907 5
1908 1
1909 4
1910 1
1912 3
1914 1
1915 1
1916 3
1917 2
1918 1
1919 3
1920 1
1921 2
1923 2
1924 1
1925 5
1926 5
1927 3
1928 2
1929 3
1930 1
1931 3
1932 2
1933 4
1934 3
1935 2
1936 4
1937 2
1939 2
1940 1
1941 2
1943 1
1944 1
1945 2
1946 4
1948 1
1949 2
1950 3
1951 2
1952 3
1953 3
1954 2
1955 2
1956 2
1957 3
1958 4
1959 3
1960 3
1961 2
1962 3
1964 2
1965 3
1966 2
1967 3
1968 1
1969 2
1970 3
1971 1
1972 1
1973 2
1974 3
1975 1
1977 2
1978 1
1980 2
1981 1
1982 5
1983 2
1984 1
1985 1
1986 1
1987 3
1988 2
1989 2
1991 4
1992 1
1993 2
1994 1
1996 3
1997 1
1998 1
1999 1
2000 4
2001 1
2002 1
2003 1
2004 1
2006 1
2007 1
2008 2
2009 4
2010 3
2012 2
2014 1
2015 1
2016 1
2017 3
2018 1
2019 2
2020 1
2021 2
2022 3
2025 1
2026 4
2027 1
2029 2
2030 4
2031 4
2032 2
2033 3
2035 2
2038 3
2039 1
2040 1
2041 3
2043 1
2044 1
2045 4
2046 1
2047 1
2048 1
2049 2
2051 2
2052 1
2054 2
2056 2
2057 2
2058 1
2060 3
2061 1
2063 1
2064 2
2065 1
2067 1
2068 2
2069 1
2070 1
2071 1
2073 2
2074 5
2076 2
2077 1
2078 2
2079 1
2080 2
2081 1
2082 2
2083 3
2084 2
2086 1
2087 1
2088 2
2089 2
2090 3
2091 1
2092 2
2093 2
2094 2
2095 2
2096 3
2097 2
2099 4
2100 3
2101 2
2102 1
2103 1
2104 2
2105 2
2106 6
2107 3
2108 1
2109 2
2110 4
2111 3
2112 3
2114 2
2115 3
2117 1
2118 5
2122 2
2123 3
2124 2
2125 1
2126 1
2127 3
2128 2
2129 1
2130 2
2131 3
2133 1
2134 4
2135 1
2137 1
2138 1
2140 2
2141 1
2143 9
2144 1
2145 3
2146 2
2147 1
2148 1
2150 2
2151 4
2152 3
2153 3
2154 1
2155 1
2156 4
2157 1
2158 4
2159 3
2160 1
2161 1
2162 2
2164 1
2165 3
2167 2
2168 2
2169 4
2170 1
2171 1
2174 1
2175 3
2176 1
2177 1
2178 2
2179 1
2180 1
2181 2
2182 1
2183 1
2184 1
2187 1
2188 1
2189 1
2190 1
2191 3
2192 1
2193 2
2194 2
2195 1
2196 2
2199 2
2200 2
2201 2
2202 3
2203 2
2204 2
2205 2
2206 1
2207 1
2208 2
2209 1
2210 1
2211 1
2212 4
2214 1
2216 2
2217 1
2218 3
2219 1
2220 2
2221 3
2222 1
2223 1
2224 2
2225 1
2226 4
2230 1
2231 1
2232 3
2234 2
2235 1
2236 1
2237 2
2239 1
2240 1
2241 1
2246 2
2247 1
2248 1
2249 2
2250 2
2251 2
2252 1
2253 1
2254 2
2255 1
2257 2
2260 2
2262 3
2264 3
2265 2
2267 2
2270 2
2271 1
2273 2
2274 1
2275 1
2276 2
2277 2
2278 5
2279 2
2280 3
2282 1
2284 3
2286 1
2287 1
2289 1
2290 1
2293 1
2296 1
2301 2
2302 3
2303 2
2304 2
2306 2
2307 1
2308 2
2311 1
2313 1
2314 3
2315 1
2316 2
2319 2
2320 1
2321 2
2322 3
2324 3
2325 3
2326 1
2327 3
2328 1
2331 1
2332 3
2333 4
2335 1
2337 2
2338 6
2339 1
2343 1
2345 2
2346 2
2347 1
2349 3
2350 2
2353 1
2354 3
2355 1
2358 1
2359 2
2360 2
2361 1
2363 1
2364 2
2365 1
2366 1
2367 1
2368 1
2369 1
2370 2
2371 1
2372 3
2373 1
2376 1
2377 2
2378 3
2380 1
2381 1
2382 1
2383 1
2384 3
2385 1
2386 1
2388 1
2390 1
2394 1
2395 1
2396 2
2399 1
2400 1
2401 1
2403 1
2404 2
2405 2
2408 1
2409 1
2410 1
2412 1
2413 1
2414 2
2415 3
2418 2
2420 2
2421 3
2422 1
2423 1
2424 3
2425 1
2427 1
2428 2
2429 1
2431 5
2432 1
2433 1
2434 1
2436 2
2441 1
2445 1
2446 2
2448 1
2450 2
2451 2
2456 1
2461 1
2462 1
2463 1
2470 1
2471 1
2472 1
2473 1
2476 1
2477 1
2478 1
2481 3
2483 1
2484 1
2485 1
2486 1
2487 1
2488 1
2490 1
2491 1
2493 1
2496 1
2497 1
2500 1
2501 1
2502 1
2504 1
2505 1
2508 1
2509 1
2513 1
2514 2
2516 1
2517 1
2519 1
2520 2
2521 2
2522 1
2523 2
2527 1
2528 2
2530 1
2536 1
2539 1
2545 2
2546 1
2548 1
2549 1
2550 1
2551 1
2552 2
2555 1
2557 1
2559 1
2561 3
2562 1
2564 1
2565 1
2566 1
2570 1
2573 2
2575 1
2576 1
2583 1
2586 1
2588 1
2589 1
2590 2
2591 3
2593 2
2596 1
2598 1
2599 1
2602 1
2603 1
2605 2
2608 1
2609 1
2612 1
2618 3
2623 2
2628 2
2630 1
2632 1
2633 2
2636 1
2637 1
2639 1
2640 1
2641 2
2642 1
2644 1
2647 1
2648 1
2650 1
2651 2
2652 1
2656 1
2663 1
2664 2
2665 1
2667 1
2668 1
2669 1
2672 1
2674 2
2675 1
2686 1
2687 2
2692 1
2693 1
2696 1
2697 1
2700 1
2704 1
2712 1
2716 1
2717 1
2718 2
2722 1
2723 1
2727 1
2729 1
2734 1
2735 1
2739 1
2741 1
2744 1
2745 1
2746 1
2747 1
2748 1
2752 1
2754 1
2755 2
2757 1
2758 1
2759 1
2761 1
2763 1
2766 1
2768 1
2772 2
2776 1
2780 2
2781 1
2782 1
2783 1
2788 2
2790 1
2794 1
2796 1
2797 1
2799 2
2802 1
2804 1
2807 2
2809 1
2810 2
2812 1
2815 1
2818 1
2819 1
2820 1
2821 1
2824 1
2826 1
2827 1
2835 3
2838 1
2841 1
2842 2
2845 1
2846 1
2847 1
2849 1
2856 1
2857 1
2858 1
2861 1
2862 1
2868 1
2871 1
2874 1
2876 1
2881 1
2884 2
2887 1
2893 2
2895 1
2897 1
2898 1
2903 1
2904 1
2907 1
2910 1
2912 1
2915 2
2916 1
2917 1
2930 1
2931 1
2934 1
2935 1
2936 1
2943 1
2946 1
2947 1
2948 1
2952 1
2954 1
2955 1
2957 1
2967 1
2968 1
2969 1
2971 1
2974 2
2983 1
2993 1
2998 1
3007 1
3009 1
3012 1
3018 1
3019 1
3029 1
3041 1
3046 1
3049 1
3050 2
3054 2
3058 1
3062 2
3065 1
3066 1
3073 2
3074 1
3077 1
3086 2
3088 1
3089 1
3092 1
3094 2
3095 1
3096 1
3098 1
3103 1
3111 2
3114 1
3119 1
3121 1
3123 1
3125 1
3128 1
3129 1
3133 1
3135 1
3140 1
3142 1
3147 1
3151 2
3153 1
3161 2
3169 1
3172 1
3176 1
3191 1
3197 1
3207 1
3208 2
3215 1
3219 1
3220 1
3223 1
3227 1
3228 1
3231 1
3241 1
3245 1
3249 1
3250 1
3253 1
3258 1
3270 1
3272 1
3274 1
3279 1
3283 1
3285 2
3287 1
3291 1
3292 1
3297 1
3301 1
3302 1
3304 1
3310 1
3315 1
3318 2
3321 1
3328 1
3332 1
3342 1
3359 1
3360 1
3362 1
3371 1
3375 1
3387 1
3390 1
3399 1
3402 1
3408 2
3411 2
3412 1
3415 1
3418 1
3421 1
3426 1
3427 1
3428 1
3435 1
3436 1
3446 1
3451 1
3453 1
3454 1
3458 1
3474 1
3479 2
3485 2
3488 1
3502 1
3508 2
3515 1
3525 1
3539 1
3540 1
3547 1
3557 1
3563 1
3565 1
3579 2
3585 1
3587 1
3588 1
3590 1
3592 1
3606 2
3607 1
3618 1
3631 1
3635 1
3639 1
3640 1
3644 1
3650 1
3654 1
3665 1
3674 2
3677 1
3678 1
3684 1
3686 1
3693 1
3699 1
3700 1
3708 1
3709 1
3720 1
3722 3
3723 1
3727 1
3733 1
3754 1
3757 1
3766 1
3771 1
3781 1
3788 1
3801 1
3815 1
3816 1
3824 1
3851 1
3852 1
3855 1
3882 1
3905 1
3918 1
3931 1
3946 1
3972 1
3975 1
4003 1
4017 1
4037 1
4061 1
4073 1
4097 1
4101 1
4147 2
4158 1
4174 1
4180 1
4187 1
4193 1
4213 1
4225 1
4249 1
4267 1
4284 1
4286 1
4313 1
4348 1
4350 1
4382 1
4403 1
4410 1
4429 1
4441 1
4452 1
4523 1
4626 1
4640 1
4652 1
4688 1
4699 1
4715 1
4749 1
4799 1
4855 1
4876 1
4906 1
4915 1
5218 1
5232 1
5254 1
5357 1
5380 1
5414 1
5432 1
5495 1
5579 1
5587 1
5618 1
5643 1
5663 1
5696 1
5720 1
5794 1
5798 1
5825 1
5929 1
5981 1
6112 1
6166 1
6215 1
6249 1
6523 1
6594 1
6913 1
7174 1
7707 1
7771 1
7855 1
8896 1
10305 1
13799 1
16836 1
1047532 2
